0,393
0,49
0,48
0,47
0,46
0,45
0,392
0,427
16,1
16,3
9,1
9,3
0,391
10,1
10,3
0,389
0,388
0,439
99,3
99,2
0,438
99,1
99,0
0,387
0,372
0,386
0,370
0,385
0,371
21,1
21,3
0,437
0,384
0,382
0,381
0,426
98,3
98,2
0,425
98,1
98,0
0,369
0,366
0,368
0,367
0,365
0,363
0,362
0,361
0,360
0,359
97,3
97,2
0,358
97,1
97,0
0,347
0,349
0,348
0,346
0,345
0,344
0,342
0,341
0,340
0,339
0,338
96,3
96,2
0,337
96,1
96,0
12,1
12,3
0,326
0,328
0,327
0,325
0,324
86,4
88,5
94,5
87,3
92,3
91,4
93,4
90,3
89,3
0,321
0,320
0,319
0,304
95,3
95,2
0,318
95,1
95,0
0,7
11,1
11,3
12,4
13,1
13,3
14,1
14,3
0,308
0,307
0,9
0,10
0,422
0,12
0,11
0,310
0,8
0,1
0,303
0,306
0,301
0,300
0,421
0,299
0,434
0,298
0,297
0,296
0,295
0,294
0,433
0,293
0,292
0,291
0,290
0,289
0,288
0,287
0,286
0,285
0,284
0,283
0,282
0,281
0,280
0,279
0,278
0,277
0,276
0,275
0,274
0,273
0,272
0,271
0,270
0,269
0,268
0,267
0,266
0,265
0,264
0,263
0,262
0,261
0,260
0,259
0,258
0,257
0,256
0,255
0,254
0,253
0,252
0,251
0,250
0,249
0,248
0,247
0,246
0,245
0,244
0,242
0,241
0,240
0,239
0,238
0,237
0,236
0,235
0,234
0,233
0,232
0,231
0,230
0,229
0,228
0,227
0,226
0,225
0,224
0,223
0,222
0,221
0,220
0,219
0,218
0,217
0,216
0,215
0,214
0,213
0,212
0,211
0,210
0,209
0,208
0,207
0,206
0,205
0,204
0,203
0,201
0,6
15,1
15,3
76,1
76,3
5,1
5,3
25,2
19,1
19,3
6,1
6,4
25,1
25,3
2,1
2,4
2,3
1,1
1,3
0,202
0,200
0,199
0,198
0,197
0,196
0,195
0,194
0,193
0,192
0,63
0,62
